6.171 55.812
18.844 124.204
17.765 125.890
17.206 117.404
13.060 87.779
6.886 62.176
10.977 94.511
16.305 120.776
1.972 24.007
16.021 97.066
0.824 18.379
16.328 111.852
16.151 87.197
1.020 23.525
12.543 77.783
10.049 68.952
3.396 33.577
2.968 33.455
15.465 110.721
11.354 94.007
19.660 128.811
19.645 143.676
19.853 124.527
2.372 36.800
18.765 134.119
4.891 48.332
9.164 63.885
15.148 95.612
4.072 38.228
11.326 85.629
3.716 30.715
2.095 29.639
2.331 31.462
7.153 65.464
0.093 22.668
8.497 71.137
13.284 87.852
8.034 63.693
1.716 37.449
1.254 41.955
5.562 38.558
3.386 54.102
19.302 141.549
3.025 44.751
16.109 112.856
11.722 82.505
11.386 98.340
10.242 96.956
19.435 146.854
7.277 73.902
